41
53
28
58
28
73
21
65
40
26
42
53
75
71
39
8
83
67
20
35
31
12
3
66
99
88
9
85
70
4
24
58
72
57
90
90
77
66
47
45
90
37
25
23
84
66
28
15
1
68
20
23
42
66
43
30
98
80
65
66
59
37
25
45
56
66
24
90
74
59
90
66
71
73
23
38
89
33
66
6
49
19
79
66
66
61
78
74
6
0
66
34
77
19
36
25
55
79
11
66
54
43
32
40
50
29
66
87
21
13
41
9
66
44
42
96
45
22
50
52
6
35
50
95
81
90
48
66
15
83
80
6
68
50
30
66
96
10
48
38
71
66
24
85
96
9
66
63
15
41
47
22
66
39
70
94
47
8
66
92
11
10
15
28
66
66
17
87
4
10
66
45
86
15
66
3
1
66
9
85
59
28
82
96
33
49
34
66
82
59
55
33
42
43
97
66
29
87
57
30
62
69
28
11
66
45
37
47
51
65
28
48
66
1
45
53
12
84
66
7
8
76
59
3
57
68
1
66
85
51
4
54
98
36
39
66
53
46
38
81
28
59
66
63
33
76
25
38
98
8
41
5
66
87
85
60
38
41
0
88
26
66
88
4
1
98
25
97
51
66
33
90
41
8
5
67
48
89
66
31
99
92
63
35
79
17
28
66
59
90
65
89
20
66
24
23
1
20
34
16
49
18
21
9
92
91
55
33
57
54
66
27
4
59
66
68
73
79
19
35
8
99
56
26
48
93
10
61
86
48
44
43
69
39
44
90
51
22
66
79
63
57
4
66
59
95
98
63
4
56
70
36
13
65
99
37
66
11
37
61
65
71
6
8
1
24
71
88
67
74
54
91
60
89
43
82
73
10
66
15
35
41
58
91
92
44
37
85
39
19
34
8
35
33
32
99
74
53
42
66
61
41
8
64
16
94
65
55
8
32
5
16
30
37
71
9
35
66
86
2
50
71
60
60
13
3
63
37
81
83
79
34
93
97
54
66
41
66
87
92
0
4
63
96
30
92
52
12
92
80
66
13
52
2
69
18
68
1
92
32
30
94
45
20
91
90
54
25
15
56
60
22
84
88
64
90
83
41
83
28
76
20
67
4
23
48
22
70
4
12
52
85
21
32
72
52
35
14
66
22
91
38
98
41
19
68
77
39
36
83
81
9
85
76
55
37
14
85
51
0
76
0
25
54
66
13
27
75
62
38
5
2
82
9
15
22
17
48
49
96
56
39
17
14
58
4
92
79
32
53
95
50
10
56
8
51
43
74
74
37
49
87
82
12
23
16
43
66
62
38
52
26
32
97
28
11
72
49
99
88
52
97
10
70
20
88
76
45
12
45
79
51
23
53
65
73
97
45
82
99
36
95
83
82
95
90
28
83
9
0
51
75
56
84
18
80
26
17
84
71
40
34
75
49
90
87
27
25
81
71
98
66
67
4
0
21
18
67
30
8
14
59
27
82
70
65
77
16
77
78
11
52
67
68
8
40
29
89
60
20
97
66
83
64
70
22
41
8
5
57
85
55
66
11
53
89
42
54
99
74
94
99
89
81
79
94
86
9
69
24
69
32
99
18
16
93
86
44
98
44
90
24
13
96
87
47
3
46
97
25
58
23
78
42
21
84
70
43
64
88
83
84
2
36
42
69
32
4
92
0
50
93
18
20
11
12
81
87
41
29
87
31
52
66
86
98
74
12
93
22
26
82
38
94
0
84
80
74
54
83
3
34
14
70
1
27
76
84
32
8
91
96
63
72
38
67
92
39
76
35
5
7
21
68
25
35
1
69
52
91
79
89
67
33
17
66
71
86
31
86
48
21
66
55
57
4
56
51
74
28
14
95
63
85
18
53
27
82
73
19
6
59
3
75
68
9
78
44
16
91
82
59
61
16
36
87
97
72
67
79
66
76
59
67
6
37
32
74
68
66
52
66
65
39
85
69
41
54
25
1
68
7
98
93
36
69
60
62
1
20
42
9
24
59
74
2
81
21
7
53
51
13
48
4
78
20
95
37
22
73
92
23
83
63
28
49
80
26
44
23
60
82
13
97
48
25
37
44
2
77
96
3
97
66
17
30
67
79
90
59
92
55
63
84
15
50
78
32
48
41
15
30
46
60
56
59
21
92
99
53
6
66
9
68
19
28
60
57
41
63
98
0
11
82
21
91
66
29
73
79
81
18
49
1
0
25
1
34
76
53
38
54
53
9
75
12
67
74
30
14
39
79
19
18
43
83
54
52
22
8
72
20
81
41
43
41
50
4
97
99
96
43
82
57
73
94
54
57
74
69
27
47
46
66
84
69
27
21
46
11
72
7
65
87
42
38
0
58
26
47
22
29
25
64
30
79
65
9
92
30
61
39
30
60
12
45
34